a<-c(1,2,3,4,5)
b<-c(6,7,8,9,10)
a*2
a-b
a+b
a*b
a/b